top-1: 0.4809560012421163
top-5: 0.851063829787234
