top-1: 0.5702884351119154
top-5: 0.8941845399351102
