loss:
- train: 4101.814480781555
  valid: 728.5681637525558
